22
27
39
25
30
24
34
14
20
21
25
46
15
34
21
21
21
24
9
33
34
28
39
47
78
48
59
16
33
26
29
35
39
108
26
46
30
3
20
36
33
24
27
68
31
17
28
30
17
11
7
40
27
8
29
21
19
19
36
13
26
12
23
19
31
71
40
14
37
58
30
29
45
29
19
23
40
55
89
24
33
23
32
31
30
18
27
24
37
24
54
357
37
36
18
30
27
30
19
17
11
13
24
21
25
20
43
42
1
11
5
32
48
2
8
34
35
33
67
19
31
31
10
21
13
2
19
8
4
45
32
32
15
8
28
8
13
15
26
44
26
24
25
14
24
19
30
15
39
38
52
26
14
34
75
5
22
23
32
25
44
21
24
28
2
31
1
27
21
47
22
23
23
9
29
33
19
32
20
34
33
20
8
12
33
24
22
26
5
26
30
48
30
32
82
15
28
21
31
35
23
33
23
29
19
18
35
17
30
32
25
31
22
49
17
36
17
24
24
30
21
17
98
21
39
18
45
9
20
29
35
52
22
19
106
29
31
38
30
25
29
21
24
21
23
30
29
25
26
21
45
47
38
27
25
28
26
18
26
24
27
22
14
18
14
18
16
12
24
12
21
41
23
14
30
15
3
35
26
35
488
35
21
22
41
62
19
27
14
20
2
8
34
23
30
22
36
38
7
761
45
23
48
92
27
20
22
35
31
29
19
33
24
37
32
33
18
14
25
42
33
27
18
17
29
26
20
32
23
15
16
37
31
39
14
49
24
30
20
30
25
28
27
25
13
25
6
29
32
3
27
27
22
20
62
20
26
14
21
37
24
34
28
23
16
8
10
17
22
25
12
23
39
32
22
37
23
26
17
13
51
28
45
21
20
16
25
26
28
24
27
22
33
12
22
15
16
22
29
34
30
22
22
26
28
20
27
40
36
20
48
19
27
28
29
30
26
37
23
20
29
19
32
17
4
9
61
25
43
6230
40
30
24
28
1
106
24
26
40
54
30
16
17
34
28
38
28
24
26
38
13
32
21
26
31
39
31
20
34
25
51
37
22
27
25
5
29
28
27
51
26
55
35
24
25
24
42
27
33
52
30
31
18
18
33
30
32
28
48
25
83
