24
459
28
44
20
139
55
15
33
27
50
27
94
180
30
62
19
51
271
51
23
41
128
46
74
89
49
27
125
27
48
13
133
52
35
29
134
31
79
43
22
64
250
23
73
44
81
25
36
31
33
28
9
212
27
13
43
44
63
15
27
180
15
32
33
50
23
115
168
24
27
29
31
15
17
22
24
55
28
25
52
68
11
74
317
27
75
58
39
60
23
26
19
28
28
8
22
300
98
34
49
50
6
8
69
21
37
8
32
32
148
69
27
55
22
94
47
30
55
20
143
31
89
52
36
20
38
39
45
109
35
21
31
32
26
27
44
93
125
161
28
31
42
56
119
92
34
69
32
212
58
26
63
186
28
70
77
70
64
64
136
57
27
59
38
37
81
38
46
62
128
14
108
20
29
61
18
24
47
44
107
33
35
195
21
66
227
39
33
29
34
19
70
91
173
128
29
89
27
206
40
25
35
238
128
131
58
129
66
22
30
80
47
1095
45
28
23
25
194
51
30
24
111
19
4259
83
79
20
10
16
27
1
24
27
13
28
22
26
118
14
17
45
130
29
400
57
68
53
56
18
130
48
26
21
16
137
77
58
41
35
26
28
5400
28
40
67
83
77
1118
80
88
111
42
117
31
20
78
34
151
38
61
83
81
108
117
49
67
32
33
146
34
25
30
26
11
114
32
288
27
754
91
72
41
36
89
5
51
53
76
101
54
100
18
22
106
19
93
136
100
45
26
16
15
16
35
135
31
20
826
109
14
18
53
27
35
34
21
5
16
63
33
35
60
69
56
24
19
18
58
54
31
31
69
55
64
57
48
276
78
55
37
78
43
31
145
79
70
42
57
24
26
89
32
39
47
29
27
19
41
29
26
57
125
29
40
14
32
20
21
162
22
44
23
34
20
15
27
42
116
159
14
33
67
171
256
59
33
11
38
16
10
27
30
27
66
50
52
25
111
71
26
66
29
29
37
37
131
114
28
29
58
36
65
141
68
36
20
53
28
25
35
21
41
137
56
45
38
14
15
29
34
27
31
55
18
66
18
36
16
26
46
21
59
38
19
28
41
34
17
57
136
52
58
66
49
37
65
61
37
63
30
37
29
30
21
34
27
56
24
27
139
23
49
12
37
27
83
243
92
32
11
43
21
30
33
39
40
87
52
21
27
31
34
16
17
59
219
31
21
43
68
40
33
25
46
123
16
34
34
18
13
115
17
53
33
332
30
832
30
87
33
25
14
240
27
31
34
57
53
40
14
33
26
166
90
46
1251
41
25
72
51
45
17
31
276
74
27
26
71
124
176
64
40
25
26
86
14
24
38
59
50
30
32
128
103
28
19
18
25
25
17
50
98
14
82
21
26
61
36
59
87
19
422
18
40
61
59
28
14
39
57
12
27
123
71
54
19
36
141
98
153
41
41
53
46
34
42
34
56
63
24
82
56
43
41
36
27
41
46
96
53
27
313
45
28
65
47
68
633
43
16
191
104
43
24
124
127
44
144
216
40
21
67
83
95
19
112
50
42
147
689
179
785
39
76
98
28
41
132
21
25
64
192
88
39
124
98
19
27
13
47
37
20
22
83
24
35
25
29
21
80
971
92
44
14
797
27
21
35
22
25
82
43
72
55
203
18
49
10
61
813
121
29
21
39
71
41
23
34
21
3080
43
25
29
123
39
31
54
27
134
62
22
46
334
21
77
32
62
25
111
35
109
97
25
39
60
68
122
21
43
59
26
78
133
57
35
33
34
23
50
28
29
19
38
30
81
27
42
33
53
24
51
41
54
30
32
42
32
38
18
19
43
65
28
15
16
23
162
13
21
19
61
27
24
78
43
140
177
25
36
43
63
104
43
20
46
90
44
64
24
20
30
32
48
90
65
84
50
51
16
25
32
21
24
54
21
110
42
28
45
16
26
40
21
48
127
33
87
14
61
16
39
21
27
51
28
115
80
25
65
81
19
39
29
18
22
87
56
21
53
40
26
35
22
81
24
19
79
32
28
366
15
33
22
365
31
97
11
57
53
20
2
22
60
17
20
19
28
29
130
71
28
9
47
39
27
3879
23
43
25
65
65
27
43
105
436
32
125
15
51
37
173
67
19
44
24
24
141
52
87
21
28
24
70
18
29
31
193
41
29
19
3
24
56
23
28
40
64
50
39
36
99
40
43
86
40
131
47
26
34
52
22
60
34
11
146
22
10
96
31
18
39
45
28
57
35
28
91
33
69
22
60
93
54
386
97
29
4
78
31
39
33
46
133
59
36
16
36
88
80
139
23
15
40
31
37
151
23
64
