2598
5199
5337
4586
2778
2373
5589
4434
2614
7900
8984
4236
5202
4323
9315
5816
7773
9890
3468
6095
6316
6905
7851
2576
3400
7365
6545
2280
2904
4650
7183
2699
3659
2215
4933
5526
5650
2842
2937
2497
6214
9238
4313
10350
2711
5128
11410
8714
11475
9964
11614
3317
9613
3036
3275
3774
2358
4986
6236
2137
3120
15228
5251
2454
9867
3384
7894
11125
5463
2034
4678
7194
2768
6416
9069
9290
1588
3069
6480
4019
2673
3553
8776
3396
7201
2460
3483
8725
4599
4749
5111
3004
3337
6802
2723
18848
2521
6148
2321
2190
