10180
3166
2363
2886
524
15187
2936
1808
3266
3210
2561
2023
4667
8607
13067
2477
6850
33140
3392
10686
3228
5651
10345
4928
2811
6406
2163
4523
2332
3047
3708
1050
2812
3049
55904
1527
3364
961
3369
3217
2161
2567
3661
8244
5971
2384
3045
12365
3214
7216
3858
3214
964
4336
3916
5362
29300
1807
11820
1311
3270
2868
5279
2954
2837
2501
13044
2264
2022
5164
2053
3383
3524
3024
6822
2107
6389
3047
4129
4013
4972
6248
2190
4253
3201
2250
3715
5874
3053
6095
2763
4853
3934
2075
2377
7260
2434
3777
5773
2809
