0.11
0.28
0.21
0.21
0.2
0.35
0.1
0.16
0.1
0.31
0.21
0.16
0.12
0.14
0.06
0.6
0.22
0.05
0.23
0.12
0.45
0.2
0.18
0.06
0.13
0.2
0.26
0.22
0.32
0.07
0.4
0.13
0.14
0.21
0.24
0.27
0.23
0.13
0.25
0.15
0.33
0.25
0.09
0.19
0.06
0.34
0.11
0.13
0.29
0.07
0.13
0.2
0.47
0.11
0.29
0.08
0.07
0.39
0.25
0.09
0.26
0.31
0.18
0.11
0.19
0.3
0.24
0.1
0.21
0.04
0.25
0.13
0.17
0.27
0.33
0.1
0.07
0.19
0.37
0.21
0.14
0.22
0.54
0.09
0.34
0.26
0.2
0.1
0.15
0.1
0.24
0.24
0.23
0.2
0.22
0.07
0.17
0.05
0.05
0.15
0.41
0.19
0.21
0.14
0.2
0.08
0.41
0.13
0.18
0.09
0.16
0.17
0.08
0.11
0.11
0.72
0.21
0.1
0.21
0.23
0.26
0.07
0.22
0.02
0.05
0.12
0.36
0.12
0.2
0.2
0.15
0.31
0.08
0.11
0.27
0.11
0.14
0.2
0.33
0.05
0.19
0.1
0.28
0.18
0.39
0.24
0.07
0.39
0.1
0.23
0.22
0.28
0.12
0.3
0.08
0.07
0.13
0.18
0.22
0.07
0.15
0.06
0.06
0.32
0.26
0.31
0.03
0.38
0.21
0.23
0.28
0.21
0.05
0.24
0.17
0.17
0.41
0.08
0.19
0.23
0.19
0.27
0.25
0.16
0.09
0.16
0.09
0.07
0.1
0.06
0.16
0.19
0.12
0.17
0.28
0.19
0.22
0.4
0.19
0.17
0.18
0.21
0.1
0.25
0.15
0.2
0.16
0.06
0.38
0.19
0.32
0.17
0.28
0.11
0.07
0.22
0.07
0.08
0.14
0.01
0.08
0.18
0.08
0.17
0.21
0.19
0.24
0.22
0.06
0.13
0.17
0.15
0.1
0.27
0.06
0.15
0.31
0.08
0.14
0.19
0.08
0.22
0.07
0.31
0.27
0.03
0.2
0.19
0.42
0.22
0.06
0.2
0.22
0.17
0.24
0.18
0.19
0.22
0.46
0.27
0.18
0.05
0.04
0.21
0.05
0.23
0.08
0.15
0.21
0.23
0.13
0.06
0.1
0.09
0.17
0.17
0.24
0.12
1
0.2
0.14
0.27
0.18
0.16
0.34
0.06
0.25
0.13
0.1
0.16
0.07
0.07
0.13
0.15
0.17
0.2
0.1
0.28
0.17
0.06
0.32
0.29
0.26
0.3
0.06
0.27
0.05
0.06
0.28
0.15
0.13
0.11
0.28
0.06
0.09
0.16
0.14
0.23
0.16
0.25
0.18
0.38
0.1
0.36
0
0.15
0.1
0.24
0.18
0.06
0.2
0.03
0.3
0.06
0.09
0.1
0.48
0.07
0.32
0.12
0.18
0.06
0.12
0.09
0.42
0.23
0.39
0.18
0.35
0.18
0.09
0.32
0.12
0.19
0.15
0.11
0.11
0.18
0.13
0.1
0.19
0.21
0.25
0.09
0.47
0.1
0.24
0.21
0.2
0.27
0.03
0.3
0.31
0.41
0.33
0.19
0.02
0.38
0.92
0.21
0.15
0.25
0.09
0.11
0.09
0.1
0.39
0.19
0.2
0.24
0.19
0.16
0.07
0.06
0.11
0.13
0.34
0.33
0.21
0.16
0.11
0.21
0.37
0.09
0.13
0.07
0.27
0.22
0.3
0.23
0.23
0.23
0.41
0.12
0.21
0.42
0.06
0.06
0.12
0.07
0.08
0.09
0.19
0.17
0.14
0.15
0.24
0.26
0.08
0.05
0.11
0.11
0.22
0.21
0.35
0.08
0.08
0.16
0.32
0.2
0.15
0.22
0.22
0.12
0.11
0.32
0.21
0.17
0.18
0.38
0.24
0.06
0.22
0.07
0.27
0.31
0.71
0.28
0.11
0.27
0.26
0.65
0.29
0.17
0.22
0.43
0.18
0.32
0.15
0.21
0.09
0.18
0.07
0.05
0.1
0.45
0.16
0.05
0.16
0.21
0.25
0.13
0.06
0.1
0.07
0.39
0.52
0.06
0.35
0.09
0.03
0.18
0.12
0.1
0.07
0.23
0.1
0.6
0.07
0.26
0.05
0.35
0.52
0.18
0.08
0.1
0.21
0.26
0.03
0.17
0.19
0.29
0.2
0.14
0.14
0.06
0.1
0.06
0.19
0.13
0.08
0.09
0.28
0.11
0.17
0.2
0.28
0.29
0.14
0.41
0.29
0.29
0.31
0.4
0.23
0.36
0.35
0.04
0.08
0.13
0.18
0.22
0.07
0.22
0.1
0.16
0.1
0.15
0.2
0.03
0.05
0.14
0.1
0.19
0.26
0.07
0.08
0.16
0.26
0.11
0.21
0.18
0.29
0.08
0.22
0.12
0.24
0.22
0.07
0.2
0.2
0.24
0.09
0.07
0.33
0.16
0.16
0.21
0.21
0.06
0.07
0.07
0.06
0.05
0.15
0.12
0.05
0.1
0.15
0.13
0.16
0.09
0.09
0.09
0.07
0.08
0.21
0.26
0.11
0.13
0.1
0.22
0.1
0.05
0.19
0.39
0.12
0.09
0.04
0.11
0.07
0.22
0.07
0.13
0.11
0.03
0.31
0.14
0.2
0.23
0.21
0.22
0.15
0.1
0.27
0.26
0.2
0.07
0.15
0.1
0.37
0.25
0.1
0.06
0.09
0.07
0.1
0.08
0.12
0.09
0.21
0.12
0.13
0.22
0.22
0.05
0.11
0.06
0.19
0.08
0.2
0.03
0.27
0.3
0.22
0.3
0.26
0.29
0.09
0.12
0.64
0.06
0.16
0.28
0.18
0.27
0.15
0.18
0.11
0.14
0.15
0.21
0.32
0.26
0.28
0.13
0.13
0.27
0.34
0.27
0.29
0.2
0.06
0.1
0.14
0.07
0.06
0.17
0.17
0.24
0.12
0.19
0.16
0.32
0.19
0.44
0.29
0.25
0.25
0.24
0.17
0.13
0.2
0.21
0.31
0.28
0.1
