Mutation	Breast_sim1	Breast_sim2	Prost_sim1	Prost_sim2
A>C	0.031347	0.030405	0.025527	0.030879
A>G	0.104876	0.084857	0.076680	0.089613
A>T	0.044505	0.035175	0.044845	0.073418
C>A	0.051858	0.054452	0.052632	0.097387
C>G	0.088622	0.089229	0.025724	0.035629
C>T	0.198529	0.213235	0.264242	0.164327
G>A	0.200851	0.200119	0.264833	0.175340
G>C	0.063854	0.080684	0.030948	0.040380
G>T	0.046053	0.048291	0.067514	0.114014
T>A	0.040635	0.043124	0.051252	0.069963
T>C	0.096749	0.088633	0.073921	0.082919
T>G	0.032121	0.031797	0.021881	0.026128
